1 0.4502923976608187 0.1069078947368421 0.07510964912280699 0.11842105263157895
3 0.5268640350877193 0.5466008771929824 0.010782163742690143 0.033717105263157965
3 0.6710526315789473 0.8752741228070176 0.01900584795321636 0.024671052631578982
4 0.4992690058479532 0.7532894736842105 0.019005847953216415 0.015350877192982448
11 0.6507675438596491 0.528234649122807 0.10179093567251463 0.13514254385964908
11 0.29678362573099415 0.9610745614035088 0.1467470760233918 0.07939561403508777
12 0.7298976608187134 0.8012609649122807 0.1281067251461988 0.15625
15 0.5466008771929824 0.6277412280701754 0.1377923976608187 0.10389254385964908
15 0.5370979532163743 0.3294956140350877 0.12701023391812866 0.1548793859649123
23 0.5749269005847953 0.07757675438596491 0.09046052631578949 0.09512061403508773
