11 0.3892543859649123 0.20093201754385964 0.16849415204678364 0.20394736842105265
11 0.5177266081871345 0.5890899122807017 0.14875730994152042 0.1444627192982456
11 0.7245979532163743 0.6677631578947368 0.14692982456140358 0.2165570175438596
11 0.298062865497076 0.9764254385964912 0.18110380116959066 0.04577850877192979
11 0.3790204678362573 0.5635964912280702 0.09831871345029242 0.1548793859649123
11 0.49360380116959063 0.4564144736842105 0.10709064327485379 0.14994517543859648
11 0.48793859649122806 0.8212719298245614 0.11750730994152048 0.22697368421052633
11 0.7432383040935673 0.9018640350877193 0.20668859649122806 0.19188596491228072
11 0.4016812865497076 0.9111842105263158 0.12262426900584794 0.18054692982456144
11 0.28252923976608185 0.7486293859649122 0.1301169590643275 0.20723684210526316
11 0.2730263157894737 0.48793859649122806 0.12262426900584797 0.2146381578947369
