3 0.5455043859649122 0.8163377192982456 0.023940058479532178 0.01726973684210531
3 0.22843567251461988 0.602796052631579 0.028326023391812866 0.015350877192982448
3 0.8850511695906432 0.7837171052631579 0.014802631578947456 0.02604166666666663
3 0.4639985380116959 0.34484649122807015 0.019005847953216415 0.017269736842105254
4 0.5551900584795322 0.9377741228070176 0.016264619883040954 0.02768640350877194
4 0.19572368421052633 0.9462719298245614 0.012792397660818716 0.03316885964912275
4 0.2821637426900585 0.8610197368421053 0.02028508771929821 0.023574561403508776
4 0.37682748538011696 0.903234649122807 0.014985380116959046 0.030153508771929793
15 0.5213815789473685 0.13349780701754385 0.06926169590643277 0.13486842105263158
21 0.34612573099415206 0.9155701754385965 0.042580409356725135 0.07209429824561397
21 0.5747441520467836 0.6038925438596491 0.0628654970760234 0.14089912280701755
