7 0.903704 0.810185 0.174074 0.35 0.911116
7 0.150617 0.179167 0.139506 0.328704 0.911824
7 0.741358 0.506944 0.159259 0.341667 0.913614
7 0.888889 0.12037 0.139506 0.233333 0.915103
7 0.391667 0.795833 0.159877 0.317593 0.918715
7 0.562346 0.486111 0.22963 0.335185 0.922958
7 0.562963 0.15787 0.233333 0.291667 0.924059
7 0.751543 0.148148 0.161111 0.288889 0.9242
7 0.724691 0.819444 0.17037 0.305556 0.925109
7 0.897222 0.478704 0.166049 0.359259 0.926822
7 0.215123 0.831019 0.17716 0.334259 0.929826
7 0.360494 0.468519 0.17284 0.272222 0.932606
7 0.178395 0.505556 0.206173 0.35 0.942275
7 0.535494 0.827315 0.189506 0.336111 0.951548
7 0.331173 0.161111 0.183333 0.322222 0.954388
