2 0.186957 0.548507 0.0956522 0.115672 0.785343
2 0.787681 0.5625 0.0855072 0.110075 0.791616
2 0.287681 0.709888 0.0913043 0.106343 0.797128
2 0.276087 0.548507 0.0768116 0.123134 0.831965
2 0.7 0.468284 0.0927536 0.123134 0.834852
2 0.880435 0.566231 0.0855072 0.0988806 0.866061
2 0.46087 0.612873 0.0869565 0.136194 0.866499
2 0.835507 0.472015 0.0623188 0.100746 0.867857
2 0.308696 0.129664 0.0811594 0.121269 0.868973
2 0.45942 0.952425 0.107246 0.0951493 0.870235
2 0.304348 0.289179 0.0724638 0.115672 0.872152
2 0.808696 0.291978 0.0898551 0.0802239 0.873283
2 0.604348 0.294776 0.0956522 0.0932836 0.878961
2 0.692754 0.854478 0.0753623 0.119403 0.879042
2 0.339855 0.762127 0.0913043 0.136194 0.880354
2 0.765942 0.775187 0.1 0.106343 0.880643
2 0.821014 0.970149 0.102899 0.0597015 0.881312
2 0.41087 0.0690299 0.0826087 0.0820896 0.883014
2 0.258696 0.266791 0.0971014 0.100746 0.883381
2 0.663768 0.754664 0.0956522 0.125 0.883581
2 0.882609 0.79291 0.0956522 0.149254 0.883989
2 0.594928 0.688433 0.126087 0.104478 0.885183
2 0.905797 0.656716 0.0782609 0.104478 0.889757
2 0.344203 0.944963 0.108696 0.110075 0.890248
2 0.726087 0.960821 0.0637681 0.0783582 0.890523
2 0.403623 0.41791 0.073913 0.130597 0.892896
2 0.797101 0.862873 0.0985507 0.0914179 0.893042
2 0.38913 0.188433 0.0913043 0.0820896 0.893396
2 0.257971 0.861007 0.0927536 0.121269 0.893567
2 0.468841 0.137127 0.0971014 0.117537 0.894311
2 0.686957 0.198694 0.057971 0.106343 0.89477
2 0.46087 0.396455 0.0695652 0.125 0.89505
2 0.782609 0.395522 0.101449 0.0895522 0.895554
2 0.384783 0.650187 0.073913 0.0988806 0.896582
2 0.52971 0.487873 0.0507246 0.154851 0.89793
2 0.534783 0.366604 0.0811594 0.132463 0.899638
2 0.421014 0.252798 0.1 0.0914179 0.899641
2 0.537681 0.849813 0.101449 0.117537 0.901634
2 0.803623 0.671642 0.0942029 0.13806 0.901789
2 0.675362 0.619403 0.0782609 0.11194 0.902083
2 0.281159 0.428172 0.113043 0.139925 0.902224
2 0.625362 0.88153 0.0942029 0.136194 0.902805
2 0.230435 0.652052 0.101449 0.0802239 0.908121
2 0.191304 0.45709 0.101449 0.0932836 0.909159
2 0.611594 0.572761 0.0985507 0.0858209 0.911959
2 0.694203 0.318097 0.0927536 0.121269 0.915917
2 0.621014 0.109142 0.0826087 0.0876866 0.916544
2 0.612319 0.411381 0.1 0.0951493 0.917651
2 0.546377 0.0391791 0.084058 0.0746269 0.918218
2 0.372464 0.539179 0.0985507 0.126866 0.923525
2 0.519565 0.710821 0.0652174 0.115672 0.923568
2 0.523913 0.267724 0.1 0.0876866 0.923956
2 0.574638 0.201493 0.0913043 0.0783582 0.927562
